0.013996681828608134
0.01360573782136625
0.013102282440476471
0.012483206428517015
0.011697425958550833
0.010800583331664365
0.009718702286974808
0.008455731192557934
0.007288117330514303
0.006000552101550176
0.004697556789992606
0.003614175587202403
0.0026467755383024934
0.0019067987998760885
0.0013358393036241032
0.0010125183727546455
0.0007667941820107062
0.0006282198216787246
0.0005526234573703998
0.0005658883355128348
0.0014667081480778908
0.00581940336300796
0.001365790126681511
0.0003833568950460093
0.00017726613046682398
0.00011896877200672815
9.64807127650813e-05
8.205612072139488e-05
7.114343766373053e-05
6.401204624930585e-05
6.0599253061149374e-05
6.29112204943479e-05
6.233564192783602e-05
6.671874268509277e-05
8.584695481536786e-05
0.007402909017891565
0.005453397043274684
0.0014563629238924366
0.00045744173958482107
0.00020389239767998536
0.00012645080751635571
9.329757838913139e-05
7.361702406418022e-05
6.344917092766324e-05
5.6979826635063586e-05
5.509961019041252e-05
5.5937665615713625e-05
5.6262074787933765e-05
6.858592057298685e-05
0.002360705808694131