0.011577212941640942
0.00499233262940875
0.00492884799732434
0.004830137106056531
0.004655234582743313
0.004387485088960097
0.004057080275933689
0.003697167463523172
0.0032957827991723226
0.002865306545253174
0.002443066095468537
0.002000611342528451
0.00156456330056973
0.0011986583621295729
0.0008734662203903404
0.0005896431869705734
0.00042526923028914174
0.0002997771829290981
0.00023818212308672685
0.0002578673357938879
0.00043290514189095035
0.0007626720025320317
0.0004264155972796529
0.00016149128129439947
6.884939330117249e-05
3.675435276859724e-05
3.052910153235468e-05
2.615259134740787e-05
2.806692902550686e-05
3.320953207337412e-05
0.0001515268185131942
0.0015996118991359336
0.0002966683766662032
7.63649889234971e-05
3.0990146992726794e-05
1.915098856984935e-05
1.4602308331448267e-05
1.2889806145321514e-05
1.1506264030125515e-05
1.1187477213584084e-05
1.0012432323426917e-05
9.452837232930765e-06
9.054077535230377e-06
9.9676136681415e-06
8.556752959275107e-05
0.0015251709695021658
0.00023322904976753832
6.0591596525150575e-05
2.385067636418264e-05
1.531045667303563e-05