0.014297237147511967
0.014271464961843252
0.014248153415556103
0.014203182926193754
0.014175049293229958
0.014134045661073213
0.01409805436891509
0.01403118689056831
0.013943610946755216
0.013869593735002616
0.013795291647484036
0.013665117979514464
0.013577428736736284
0.013466990509603897
0.013332758034546005
0.013182750030619661
0.01299600392256094
0.012775836740189103
0.01253807761894789
0.01228731568184433
0.01196300996097759
0.011579568210658257
0.011193298070932719
0.010705955794084614
0.010117455161544574
0.009552796308887817
0.008997703624963197
0.008332250603599675
0.007675609617143701
0.006996994022498284
0.006316249583423532
0.005648378794924805
0.0050333909924179035
0.004526263154155816
0.004138106954916044
0.0036567671045604636
0.0032958585182152026
0.0029114899606160496
0.002628499263129945
0.0022912969910636517
0.002151858642211427
0.0018794913334500868
0.0017114390685647332
0.001669255811333769
0.001685881730070468
0.001615378586575389
0.00145547868093275
0.001380715507438269
0.001487857760828066
0.0013134995932710166