0.021361962003749575
0.014518525826415515
0.01435867920855944
0.014125081815656507
0.013771921512169064
0.013365110076668131
0.012853265708991958
0.012198211063115043
0.011382603157234215
0.010468877470420078
0.009285451517297776
0.008068849244110976
0.006722847432855848
0.005398774902725377
0.004174266399917789
0.0030385932555714434
0.002207712825310253
0.0015327766648579972
0.0010459524940035617
0.0007098991851655094
0.0004867920025413775
0.000364520922785146
0.0002989196028368502
0.0003104517813719147
0.0032820303132493466
0.006046897151062022
0.0012656916687018565
0.0003770866467342809
0.00017275282746490747
9.577577348676597e-05
7.007929212801045e-05
5.816014159495224e-05
5.0712310483380764e-05
4.694622486712242e-05
4.2938729482124135e-05
4.297044629656704e-05
4.313672625065591e-05
4.383577725079592e-05
5.512921910546808e-05
0.007439209647487236
0.007551644977977911
0.0020124114607944945
0.0005872338787993216
0.00023410828724029932
0.00011627009369535037
7.502571441594508e-05
5.546124268836819e-05
4.699455515204467e-05
4.012972536357736e-05
3.9078481732502346e-05